1.416221726685762405e-02
1.631265692412853241e-02
1.880759373307228088e-02
2.152392826974391937e-02
2.486012130975723267e-02
2.855351194739341736e-02
3.294009342789649963e-02
3.797526657581329346e-02
4.368689283728599548e-02
5.029701068997383118e-02
5.785077437758445740e-02
6.648117303848266602e-02
7.635820657014846802e-02
8.791271597146987915e-02
1.014059782028198242e-01
1.168085709214210510e-01
1.343540549278259277e-01
1.542949527502059937e-01
1.780358254909515381e-01
2.044109553098678589e-01
2.341400384902954102e-01
2.705442011356353760e-01
3.113504648208618164e-01
3.581326901912689209e-01
4.116409420967102051e-01
4.748038947582244873e-01
5.467808842658996582e-01
6.323360204696655273e-01
7.295510768890380859e-01
8.355088829994201660e-01
9.589910507202148438e-01
1.085756182670593262e+00
1.218799352645874023e+00
1.359216570854187012e+00
1.490054607391357422e+00
1.610905528068542480e+00
1.727462291717529297e+00
1.820559620857238770e+00
1.903970122337341309e+00
1.964640736579895020e+00
2.005135536193847656e+00
2.032685756683349609e+00
2.044181585311889648e+00
2.061612367630004883e+00
2.061758041381835938e+00
2.062728643417358398e+00
2.067586660385131836e+00
2.060790777206420898e+00
2.067802906036376953e+00
2.058125495910644531e+00
