1.415505073964595795e-02
1.626835018396377563e-02
1.876057684421539307e-02
2.160266414284706116e-02
2.496744692325592041e-02
2.866906300187110901e-02
3.294314071536064148e-02
3.795029968023300171e-02
4.373572766780853271e-02
5.037798732519149780e-02
5.809141322970390320e-02
6.674223393201828003e-02
7.698938250541687012e-02
8.865526318550109863e-02
1.022937372326850891e-01
1.175318956375122070e-01
1.353005170822143555e-01
1.559764444828033447e-01
1.804265081882476807e-01
2.086990773677825928e-01
2.427092194557189941e-01
2.808689773082733154e-01
3.278998136520385742e-01
3.786319196224212646e-01
4.398140311241149902e-01
5.064451098442077637e-01
5.829831361770629883e-01
6.627820134162902832e-01
7.582047581672668457e-01
8.685042262077331543e-01
9.898796081542968750e-01
1.129984855651855469e+00
1.275835990905761719e+00
1.424612879753112793e+00
1.551563024520874023e+00
1.648865103721618652e+00
1.717092633247375488e+00
1.762973308563232422e+00
1.779958605766296387e+00
1.791067957878112793e+00
1.799521446228027344e+00
1.788523435592651367e+00
1.793134927749633789e+00
1.794037342071533203e+00
1.793672561645507812e+00
1.793219089508056641e+00
1.794314742088317871e+00
1.788636922836303711e+00
1.793985486030578613e+00
1.787856459617614746e+00
