0
1
2
3
5
6
7
8
12
13
14
15
16
17
18
19
20
21
23
24
25
26
27
29
30
31
32
33
34
36
37
38
39
40
41
42
43
44
46
47
48
49
50
52
53
54
56
57
58
59
60
61
62
64
65
68
69
70
71
72
74
75
76
77
78
79
80
81
82
83
84
85
86
87
89
90
91
92
93
96
98
100
101
103
104
105
106
108
109
110
111
113
114
115
116
117
118
119
120
121
122
123
124
125
126
127
128
129
130
131
134
135
136
138
139
140
141
142
144
145
146
147
148
149
150
151
153
154
155
156
157
158
159
160
162
165
169
170
171
172
173
174
175
177
178
179
180
181
182
183
184
185
187
188
189
190
191
193
194
197
200
201
203
204
206
208
209
210
211
212
214
215
216
218
219
221
222
223
224
225
226
227
228
229
230
231
232
233
235
236
237
239
240
241
242
243
244
245
246
247
250
251
252
253
254
255
256
257
258
259
260
261
262
265
266
267
268
269
270
271
272
273
274
275
277
278
279
281
282
283
284
286
287
288
289
290
292
294
295
296
297
299
300
301
302
304
305
306
307
308
310
311
312
313
314
315
316
317
319
320
321
322
323
325
326
327
328
329
330
331
332
334
335
336
338
339
340
341
342
343
344
345
347
348
349
350
352
353
354
355
356
357
358
359
360
361
362
363
364
365
366
367
369
370
371
372
373
374
375
376
377
378
380
381
382
383
384
385
386
387
388
389
390
391
392
393
394
395
396
397
399
400
401
402
403
405
406
407
408
409
410
411
412
413
414
415
416
417
418
420
421
422
424
425
426
427
428
430
431
432
434
435
437
438
439
442
444
445
446
447
448
449
451
452
453
454
455
456
457
458
459
460
461
462
463
464
465
466
469
470
472
473
474
475
476
477
479
481
482
483
484
486
487
488
489
490
491
493
494
495
496
497
498
499
500
501
502
503
504
505
507
508
509
511
512
513
514
515
516
517
519
520
521
522
523
524
525
526
527
529
530
531
532
534
535
536
537
538
540
542
543
546
547
548
549
550
551
552
553
554
555
556
559
561
563
564
565
566
568
569
570
571
573
574
575
577
578
579
582
583
584
585
586
587
588
589
590
591
592
593
594
595
596
597
598
599
600
602
603
605
606
607
608
609
610
612
613
614
616
617
618
619
621
622
623
625
626
627
628
629
630
632
633
634
635
636
637
639
640
641
642
644
645
648
649
650
651
652
654
656
658
659
660
661
662
663
664
666
667
668
669
670
671
672
673
674
675
676
677
678
679
680
682
683
684
685
686
687
688
689
690
691
693
694
695
696
698
700
701
702
703
704
705
706
707
708
709
710
711
713
714
715
716
717
718
719
722
723
724
725
726
727
728
729
730
731
733
734
735
738
739
741
742
743
745
746
747
749
750
752
753
754
757
758
759
760
761
762
763
764
765
766
767
770
771
772
773
774
775
779
782
783
784
785
786
787
788
789
791
792
793
794
795
796
797
798
799
800
801
802
803
804
805
808
809
811
812
813
814
815
816
817
819
820
823
824
825
826
827
828
829
830
831
832
833
834
835
836
837
838
839
840
841
843
846
847
848
849
850
851
854
855
856
857
858
859
860
861
862
863
864
865
866
867
869
870
871
872
873
874
875
877
878
879
881
882
884
885
886
887
888
889
891
892
893
895
896
897
899
900
901
902
903
904
905
906
908
910
911
912
913
914
915
916
917
918
919
920
922
924
925
926
927
928
929
930
931
932
933
934
935
936
937
938
939
940
941
942
943
945
946
947
948
949
950
951
953
954
955
956
957
959
960
961
962
963
964
965
966
967
968
969
970
971
972
973
974
975
976
977
978
979
980
982
983
984
985
986
987
988
989
990
991
992
993
994
995
996
997
998
999
