1.416482403874397278e-02
1.629765704274177551e-02
1.879868656396865845e-02
2.160097658634185791e-02
2.486425451934337616e-02
2.869199402630329132e-02
3.299217298626899719e-02
3.799609467387199402e-02
4.377087578177452087e-02
5.047239735722541809e-02
5.811092630028724670e-02
6.690127402544021606e-02
7.708872109651565552e-02
8.879181742668151855e-02
1.021935418248176575e-01
1.178981363773345947e-01
1.355661451816558838e-01
1.559313088655471802e-01
1.801091134548187256e-01
2.075072377920150757e-01
2.392397075891494751e-01
2.754962146282196045e-01
3.180544972419738770e-01
3.664290010929107666e-01
4.229426085948944092e-01
4.884443283081054688e-01
5.634626150131225586e-01
6.475962400436401367e-01
7.428224086761474609e-01
8.527320623397827148e-01
9.793093204498291016e-01
1.120307326316833496e+00
1.286698460578918457e+00
1.467931747436523438e+00
1.671961307525634766e+00
1.880444049835205078e+00
2.082583427429199219e+00
2.275795459747314453e+00
2.445726394653320312e+00
2.588684082031250000e+00
2.700704574584960938e+00
2.793282985687255859e+00
2.865380525588989258e+00
2.918287277221679688e+00
2.962115526199340820e+00
3.002652645111083984e+00
3.036591053009033203e+00
3.061626434326171875e+00
3.097066879272460938e+00
3.117821455001831055e+00
